nlau	2	46	32	14
sd0104	7	719	230	82
sd0105	16	100	44	0
sd0108	17	1	1	1
sd0109	19	87	50	37
sd0301	79	0	0	0
sd0302	190	708	133	0
sd0303	218	3	2	0
sd0304	219	0	0	0
sd0305	238	0	0	0
sd0401	259	0	0	0
sd0402	349	131	131	0
sd0403	350	7	7	7
sd0405	961	45	10	0
sd0406	1127	283	131	0
sd0407	1129	187	186	1
sop0102	1140	242	133	0
sop0104	1141	0	0	0
sop0106	1153	146	71	0
sop0109	1164	80	49	0
sop0210	1180	490	216	0
sop0212	1183	208	109	27
sop0310	1199	2486	548	0
sop0311	1208	2910	1275	0
sop0402	1212	926	349	123
sop0405	1228	2826	491	0
sop0406	1233	22	8	0
sop0407	1343	4944	334	0
sop0408	1377	3521	238	0
sop0409	1378	0	0	0
